PH0100-uncalibrated-cnn
Accuracy:  0.9741400953128667
RMSE:  0.5795476112092515

PH0100-calibrated-cnn
Accuracy:  0.979838488692277
RMSE:  0.5146689631393322

PH0302
Accuracy:  0.984960637464523
RMSE:  0.23298086642806679

PH0303
Accuracy:  0.9841719937881334
RMSE:  0.2731557313462529